rank 0 and row is 100      8
4       38
99      22
13      36
55      80
84      71
14      90
87      26
23      33
34      31
38      48
99.1    33
61      46
66      93
91       3
65      77
41      44
44       7
82      80
34.1    64
Name: 0, dtype: int64rank 10 and row is 100     53
4       56
99      31
13      46
55      28
84       2
14       7
87      24
23      99
34      88
38      52
99.1    20
61      32
66      31
91      69
65      89
41      27
44      59
82      91
34.1    43
Name: 10, dtype: int64rank 20 and row is 100     95
4       22
99      37
13      74
55      31
84      41
14       4
87      77
23       5
34       8
38      93
99.1     0
61      99
66      48
91      14
65      24
41      83
44      38
82      11
34.1    77
Name: 20, dtype: int64rank 50 and row is 100     65
4       31
99      33
13      73
55       6
84      74
14      62
87      74
23      67
34      18
38      70
99.1    12
61      89
66      43
91      68
65      61
41      14
44      45
82      89
34.1    49
Name: 50, dtype: int64rank 100000 and row is 100      8
4       42
99      75
13      84
55      52
84      71
14      78
87      75
23      73
34      46
38      81
99.1    55
61      31
66      45
91      62
65       2
41      14
44      13
82      86
34.1    30
Name: 100000, dtype: int64
rank 0 and row is 100     48
4       35
99       8
13      75
55       4
84      37
14      67
87      66
23      41
34       6
38      90
99.1    22
61      55
66       0
91      85
65      81
41      41
44      20
82      16
34.1    89
Name: 0, dtype: int64rank 10 and row is 100     66
4       76
99      44
13      71
55      37
84      20
14      75
87      64
23      89
34      94
38      71
99.1    10
61      33
66      86
91      53
65      24
41      58
44      49
82      95
34.1    47
Name: 10, dtype: int64rank 20 and row is 100     62
4       77
99      92
13      81
55      53
84      90
14      86
87      31
23      76
34      21
38      37
99.1    30
61      75
66      13
91      46
65       7
41      51
44       1
82      66
34.1    23
Name: 20, dtype: int64rank 50 and row is 100     21
4       89
99      44
13      78
55      99
84      76
14      21
87      58
23      63
34       7
38      22
99.1    82
61      97
66      41
91      60
65      89
41      95
44       4
82      83
34.1    12
Name: 50, dtype: int64rank 100000 and row is 100      88
4        99
99       12
13       73
55       30
84       83
14       45
87       11
23       83
34       12
38       74
99.1     32
61        8
66       64
91       65
65      100
41        1
44        8
82       83
34.1     52
Name: 100000, dtype: int64
rank 0 and row is 100     21
4       30
99      69
13      73
55      66
84      16
14      51
87      95
23      72
34      20
38      13
99.1    60
61      64
66      18
91      70
65      24
41      64
44      25
82      23
34.1    38
Name: 0, dtype: int64rank 10 and row is 100      71
4       100
99       30
13       11
55       44
84       15
14       50
87       47
23       95
34       90
38       11
99.1     32
61       85
66       87
91       81
65       12
41       78
44       10
82       40
34.1     20
Name: 10, dtype: int64rank 20 and row is 100     94
4       61
99       5
13      80
55      33
84      97
14      96
87      63
23      73
34      35
38      90
99.1    41
61      88
66      51
91      39
65      92
41      84
44      76
82      15
34.1     0
Name: 20, dtype: int64rank 50 and row is 100     10
4        2
99      14
13       1
55      58
84      97
14      76
87       6
23      57
34      17
38      17
99.1    83
61      46
66      85
91      53
65      34
41      70
44      37
82      51
34.1    81
Name: 50, dtype: int64rank 100000 and row is 100     95
4       60
99      25
13      86
55      62
84      88
14       0
87       1
23      43
34      26
38      92
99.1    57
61      92
66      28
91      59
65      80
41      69
44       0
82       2
34.1    54
Name: 100000, dtype: int64
rank 0 and row is 100      63
4        69
99       15
13        5
55        8
84      100
14       84
87       38
23       12
34        5
38       89
99.1      5
61       75
66       61
91        9
65       56
41       39
44       53
82       96
34.1     86
Name: 0, dtype: int64rank 10 and row is 100     62
4       32
99      65
13      67
55      48
84      10
14      75
87      25
23      79
34       3
38      16
99.1    38
61      60
66      89
91      69
65      17
41      88
44      33
82      23
34.1    56
Name: 10, dtype: int64rank 20 and row is 100      31
4        64
99       79
13       15
55       64
84        9
14       72
87       51
23       77
34       26
38       49
99.1     45
61        5
66       26
91       38
65      100
41       44
44       47
82       74
34.1     80
Name: 20, dtype: int64rank 50 and row is 100     73
4       68
99      45
13       9
55       6
84      64
14      41
87      63
23      58
34      53
38      68
99.1    94
61      89
66      82
91      50
65      84
41      93
44      44
82      56
34.1    40
Name: 50, dtype: int64rank 100000 and row is 100     13
4       44
99      83
13      18
55      69
84      44
14      61
87      68
23      78
34       1
38      26
99.1    36
61      22
66      80
91      89
65      35
41      24
44      93
82      74
34.1    30
Name: 100000, dtype: int64
