rank 0 and row is 100     48
4       35
99       8
13      75
55       4
84      37
14      67
87      66
23      41
34       6
38      90
99.1    22
61      55
66       0
91      85
65      81
41      41
44      20
82      16
34.1    89
Name: 0, dtype: int64rank 10 and row is 100     66
4       76
99      44
13      71
55      37
84      20
14      75
87      64
23      89
34      94
38      71
99.1    10
61      33
66      86
91      53
65      24
41      58
44      49
82      95
34.1    47
Name: 10, dtype: int64rank 20 and row is 100     62
4       77
99      92
13      81
55      53
84      90
14      86
87      31
23      76
34      21
38      37
99.1    30
61      75
66      13
91      46
65       7
41      51
44       1
82      66
34.1    23
Name: 20, dtype: int64rank 50 and row is 100     21
4       89
99      44
13      78
55      99
84      76
14      21
87      58
23      63
34       7
38      22
99.1    82
61      97
66      41
91      60
65      89
41      95
44       4
82      83
34.1    12
Name: 50, dtype: int64rank 100000 and row is 100      88
4        99
99       12
13       73
55       30
84       83
14       45
87       11
23       83
34       12
38       74
99.1     32
61        8
66       64
91       65
65      100
41        1
44        8
82       83
34.1     52
Name: 100000, dtype: int64