rank 0 and row is 100      63
4        69
99       15
13        5
55        8
84      100
14       84
87       38
23       12
34        5
38       89
99.1      5
61       75
66       61
91        9
65       56
41       39
44       53
82       96
34.1     86
Name: 0, dtype: int64rank 10 and row is 100     62
4       32
99      65
13      67
55      48
84      10
14      75
87      25
23      79
34       3
38      16
99.1    38
61      60
66      89
91      69
65      17
41      88
44      33
82      23
34.1    56
Name: 10, dtype: int64rank 20 and row is 100      31
4        64
99       79
13       15
55       64
84        9
14       72
87       51
23       77
34       26
38       49
99.1     45
61        5
66       26
91       38
65      100
41       44
44       47
82       74
34.1     80
Name: 20, dtype: int64rank 50 and row is 100     73
4       68
99      45
13       9
55       6
84      64
14      41
87      63
23      58
34      53
38      68
99.1    94
61      89
66      82
91      50
65      84
41      93
44      44
82      56
34.1    40
Name: 50, dtype: int64rank 100000 and row is 100     13
4       44
99      83
13      18
55      69
84      44
14      61
87      68
23      78
34       1
38      26
99.1    36
61      22
66      80
91      89
65      35
41      24
44      93
82      74
34.1    30
Name: 100000, dtype: int64