rank 0 and row is 100     21
4       30
99      69
13      73
55      66
84      16
14      51
87      95
23      72
34      20
38      13
99.1    60
61      64
66      18
91      70
65      24
41      64
44      25
82      23
34.1    38
Name: 0, dtype: int64rank 10 and row is 100      71
4       100
99       30
13       11
55       44
84       15
14       50
87       47
23       95
34       90
38       11
99.1     32
61       85
66       87
91       81
65       12
41       78
44       10
82       40
34.1     20
Name: 10, dtype: int64rank 20 and row is 100     94
4       61
99       5
13      80
55      33
84      97
14      96
87      63
23      73
34      35
38      90
99.1    41
61      88
66      51
91      39
65      92
41      84
44      76
82      15
34.1     0
Name: 20, dtype: int64rank 50 and row is 100     10
4        2
99      14
13       1
55      58
84      97
14      76
87       6
23      57
34      17
38      17
99.1    83
61      46
66      85
91      53
65      34
41      70
44      37
82      51
34.1    81
Name: 50, dtype: int64rank 100000 and row is 100     95
4       60
99      25
13      86
55      62
84      88
14       0
87       1
23      43
34      26
38      92
99.1    57
61      92
66      28
91      59
65      80
41      69
44       0
82       2
34.1    54
Name: 100000, dtype: int64