rank 0 and row is 100      8
4       38
99      22
13      36
55      80
84      71
14      90
87      26
23      33
34      31
38      48
99.1    33
61      46
66      93
91       3
65      77
41      44
44       7
82      80
34.1    64
Name: 0, dtype: int64rank 10 and row is 100     53
4       56
99      31
13      46
55      28
84       2
14       7
87      24
23      99
34      88
38      52
99.1    20
61      32
66      31
91      69
65      89
41      27
44      59
82      91
34.1    43
Name: 10, dtype: int64rank 20 and row is 100     95
4       22
99      37
13      74
55      31
84      41
14       4
87      77
23       5
34       8
38      93
99.1     0
61      99
66      48
91      14
65      24
41      83
44      38
82      11
34.1    77
Name: 20, dtype: int64rank 50 and row is 100     65
4       31
99      33
13      73
55       6
84      74
14      62
87      74
23      67
34      18
38      70
99.1    12
61      89
66      43
91      68
65      61
41      14
44      45
82      89
34.1    49
Name: 50, dtype: int64rank 100000 and row is 100      8
4       42
99      75
13      84
55      52
84      71
14      78
87      75
23      73
34      46
38      81
99.1    55
61      31
66      45
91      62
65       2
41      14
44      13
82      86
34.1    30
Name: 100000, dtype: int64